[gd_scene load_steps=4 format=3 uid="uid://dkhv62ty5fesc"]

[ext_resource type="Script" uid="uid://16w385wcqwlm" path="res://stand-in-character.gd" id="1_rbmbq"]

[sub_resource type="BoxShape3D" id="BoxShape3D_rbmbq"]
size = Vector3(599.442, 1.23157, 600.006)

[sub_resource type="CapsuleShape3D" id="CapsuleShape3D_5ala7"]

[node name="Intro Area" type="Node3D"]

[node name="Floor" type="CSGBox3D" parent="."]
size = Vector3(600, 1, 600)

[node name="Area3D" type="Area3D" parent="Floor"]
transform = Transform3D(1, 0, 0, 0, 1, 0, 0, 0, 1, 126.721, 0, -33.7679)

[node name="CollisionShape3D" type="CollisionShape3D" parent="Floor/Area3D"]
transform = Transform3D(1, 0, 0, 0, 1, 0, 0, 0, 1, -127.268, 0.115784, 33.8763)
shape = SubResource("BoxShape3D_rbmbq")

[node name="_Park_" type="CSGBox3D" parent="."]
transform = Transform3D(1, 0, 0, 0, 1, 0, 0, 0, 1, 101.324, 0, -2.92267)
size = Vector3(220, 5, 60)
metadata/_edit_lock_ = true

[node name="Buildings" type="Node3D" parent="."]
transform = Transform3D(1, 0, 0, 0, 1, 0, 0, 0, 1, -72.5161, 71.9592, 0)

[node name="CSGBox3D2" type="CSGBox3D" parent="Buildings"]
size = Vector3(40, 152.692, 40)

[node name="CSGBox3D3" type="CSGBox3D" parent="Buildings"]
transform = Transform3D(0.984808, 0, 0.173648, 0, 1, 0, -0.173648, 0, 0.984808, -56.5279, -10.8991, 20.3016)
size = Vector3(72.9897, 131.604, 23.0732)

[node name="CSGBox3D4" type="CSGBox3D" parent="Buildings"]
transform = Transform3D(0.984808, 0, -0.173648, 0, 1, 0, 0.173648, 0, 0.984808, -33.2436, -16.1767, -22.3746)
size = Vector3(37.9032, 121.146, 23.0732)

[node name="CSGBox3D" type="CSGBox3D" parent="Buildings"]
transform = Transform3D(1, 0, 0, 0, 1, 0, 0, 0, 1, 109.202, -6.73573, 99.6906)
size = Vector3(39.9685, 140.405, 50)

[node name="CSGBox3D5" type="CSGBox3D" parent="Buildings"]
transform = Transform3D(1, 0, 0, 0, 1, 0, 0, 0, 1, 162.538, 22.4789, 98.5682)
size = Vector3(68.7458, 197.68, 50)

[node name="CSGBox3D6" type="CSGBox3D" parent="Buildings"]
transform = Transform3D(1, 0, 0, 0, 1, 0, 0, 0, 1, 124.267, -7.37695, -96.8242)
size = Vector3(68.5214, 137.938, 40)

[node name="CSGBox3D7" type="CSGBox3D" parent="Buildings"]
transform = Transform3D(1, 0, 0, 0, 1, 0, 0, 0, 1, 174.397, 11.1134, -93.8052)
size = Vector3(32.4475, 174.919, 40)

[node name="CSGBox3D8" type="CSGBox3D" parent="Buildings"]
transform = Transform3D(1, 0, 0, 0, 1, 0, 0, 0, 1, 218.599, -15.3936, 97.1448)
size = Vector3(48.0382, 121.905, 58.0163)

[node name="CSGBox3D9" type="CSGBox3D" parent="Buildings"]
transform = Transform3D(1, 0, 0, 0, 1, 0, 0, 0, 1, 208.969, -21.8254, -100.408)
size = Vector3(39.5269, 109.041, 58.0163)

[node name="CSGBox3D10" type="CSGBox3D" parent="Buildings"]
transform = Transform3D(1, 0, 0, 0, 1, 0, 0, 0, 1, 255.514, -27.4424, -100.408)
size = Vector3(54.9731, 97.8069, 58.0163)

[node name="CSGBox3D11" type="CSGBox3D" parent="Buildings"]
transform = Transform3D(1, 0, 0, 0, 1, 0, 0, 0, 1, 261.846, -25.3743, 97.1448)
size = Vector3(44.3199, 101.943, 58.0163)

[node name="CSGBox3D12" type="CSGBox3D" parent="Buildings"]
transform = Transform3D(1, 0, 0, 0, 1, 0, 0, 0, 1, 0, 0.106255, -129.017)
size = Vector3(40, 152.905, 84.3253)

[node name="CSGBox3D13" type="CSGBox3D" parent="Buildings"]
transform = Transform3D(1, 0, 0, 0, 1, 0, 0, 0, 1, 0, -16.8805, 113.622)
size = Vector3(40, 118.931, 52.8201)

[node name="CSGBox3D14" type="CSGBox3D" parent="Buildings"]
transform = Transform3D(1, 0, 0, 0, 1, 0, 0, 0, 1, 0.862297, -34.365, 180.977)
size = Vector3(41.7246, 83.9621, 81.1507)

[node name="CSGBox3D15" type="CSGBox3D" parent="Buildings"]
transform = Transform3D(1, 0, 0, 0, 1, 0, 0, 0, 1, 4.7237, -29.1306, 260.578)
size = Vector3(43.8429, 94.4307, 81.1507)

[node name="CSGBox3D16" type="CSGBox3D" parent="Buildings"]
transform = Transform3D(1, 0, 0, 0, 1, 0, 0, 0, 1, 109.036, -24.5696, -156.482)
size = Vector3(43.8429, 103.553, 81.1507)

[node name="CSGBox3D17" type="CSGBox3D" parent="Buildings"]
transform = Transform3D(-4.37114e-08, 0, -1, 0, 1, 0, 1, 0, -4.37114e-08, 115.271, -21.8254, 144.682)
size = Vector3(39.5269, 109.041, 58.0163)

[node name="CSGBox3D18" type="CSGBox3D" parent="Buildings"]
transform = Transform3D(-4.37114e-08, 0, -1, 0, 1, 0, 1, 0, -4.37114e-08, 115.271, -0.569443, 196.617)
size = Vector3(67.9401, 151.553, 58.0163)

[node name="CSGBox3D19" type="CSGBox3D" parent="Buildings"]
transform = Transform3D(1, 0, 0, 0, 1, 0, 0, 0, 1, 263.564, -7.81874, 166.59)
size = Vector3(41.7246, 137.055, 81.1507)

[node name="CSGBox3D28" type="CSGBox3D" parent="Buildings"]
transform = Transform3D(0.971587, 0, -0.236704, 0, 1, 0, 0.236704, 0, 0.971587, -50.1142, -12.4482, -107.398)
size = Vector3(72.4939, 119.46, 23.0732)

[node name="CSGBox3D20" type="CSGBox3D" parent="Buildings"]
transform = Transform3D(0.984808, 0, -0.173648, 0, 1, 0, 0.173648, 0, 0.984808, -83.0288, -24.4379, -34.4437)
size = Vector3(64.6088, 104.624, 23.0732)

[node name="CSGBox3D21" type="CSGBox3D" parent="Buildings"]
transform = Transform3D(0.973164, 0, -0.230136, 0, 1, 0, 0.230136, 0, 0.973164, -108.825, -27.7692, -121.802)
size = Vector3(51.1639, 99.664, 29.1196)

[node name="CSGBox3D22" type="CSGBox3D" parent="Buildings"]
transform = Transform3D(0.973164, 0, -0.230136, 0, 1, 0, 0.230136, 0, 0.973164, -162.174, -7.04003, -127.971)
size = Vector3(57.7229, 133.74, 29.1196)

[node name="CSGBox3D23" type="CSGBox3D" parent="Buildings"]
transform = Transform3D(0.984808, 0, 0.173648, 0, 1, 0, -0.173648, 0, 0.984808, -103.536, -34.4056, 30.4459)
size = Vector3(36.8363, 103.292, 23.0732)

[node name="CSGBox3D24" type="CSGBox3D" parent="Buildings"]
transform = Transform3D(0.984808, 0, 0.173648, 0, 1, 0, -0.173648, 0, 0.984808, -148.218, -18.9697, 40.6942)
size = Vector3(53.4216, 114.001, 23.0732)

[node name="CSGBox3D25" type="CSGBox3D" parent="Buildings"]
transform = Transform3D(0.984808, 0, 0.173648, 0, 1, 0, -0.173648, 0, 0.984808, -45.3496, -38.7761, 113.316)
size = Vector3(57.6228, 75.1399, 42.1812)

[node name="CSGBox3D26" type="CSGBox3D" parent="Buildings"]
transform = Transform3D(0.984808, 0, 0.173648, 0, 1, 0, -0.173648, 0, 0.984808, -86.3536, -24.394, 120.202)
size = Vector3(27.9818, 103.904, 42.1812)

[node name="CSGBox3D27" type="CSGBox3D" parent="Buildings"]
transform = Transform3D(0.984808, 0, 0.173648, 0, 1, 0, -0.173648, 0, 0.984808, -121.97, -13.0363, 125.114)
size = Vector3(55.2375, 126.62, 42.1812)

[node name="CSGBox3D29" type="CSGBox3D" parent="Buildings"]
transform = Transform3D(0.984808, 0, -0.173648, 0, 1, 0, 0.173648, 0, 0.984808, -131.812, -4.74222, -48.3671)
size = Vector3(40.0002, 144.015, 23.0732)

[node name="CSGBox3D30" type="CSGBox3D" parent="Buildings"]
transform = Transform3D(0.984808, 0, -0.173648, 0, 1, 0, 0.173648, 0, 0.984808, -170.65, -20.6011, -56.7198)
size = Vector3(40.5555, 112.297, 23.0732)

[node name="CSGBox3D31" type="CSGBox3D" parent="Buildings"]
transform = Transform3D(0.984808, 0, -0.173648, 0, 1, 0, 0.173648, 0, 0.984808, -210.952, 2.35544, -71.1172)
size = Vector3(32.578, 158.21, 23.0732)

[node name="CSGBox3D32" type="CSGBox3D" parent="Buildings"]
transform = Transform3D(0.973164, 0, -0.230136, 0, 1, 0, 0.230136, 0, 0.973164, -202.929, -14.4304, -137.685)
size = Vector3(43.3229, 118.662, 29.1196)

[node name="CSGBox3D33" type="CSGBox3D" parent="Buildings"]
transform = Transform3D(0.984808, 0, 0.173648, 0, 1, 0, -0.173648, 0, 0.984808, -200.35, 2.62539, 42.3532)
size = Vector3(62.9837, 152.483, 37.0244)

[node name="CSGBox3D34" type="CSGBox3D" parent="Buildings"]
transform = Transform3D(0.984808, 0, 0.173648, 0, 1, 0, -0.173648, 0, 0.984808, -167.677, -30.9451, 136.462)
size = Vector3(41.6059, 90.8019, 52.8372)

[node name="CSGBox3D35" type="CSGBox3D" parent="Buildings"]
transform = Transform3D(0.984808, 0, 0.173648, 0, 1, 0, -0.173648, 0, 0.984808, -214.549, -10.3413, 137.714)
size = Vector3(56.0222, 132.01, 52.8372)

[node name="CSGBox3D36" type="CSGBox3D" parent="Buildings"]
transform = Transform3D(1, 0, 0, 0, 1, 0, 0, 0, 1, -9.58423, -19.7963, -192.882)
size = Vector3(59.1685, 113.982, 49.7725)

[node name="CSGBox3D37" type="CSGBox3D" parent="Buildings"]
transform = Transform3D(1, 0, 0, 0, 1, 0, 0, 0, 1, -3.70911, -35.5535, -245.323)
size = Vector3(47.4182, 82.4399, 56.6227)

[node name="CSGBox3D38" type="CSGBox3D" parent="Buildings"]
transform = Transform3D(1, 0, 0, 0, 1, 0, 0, 0, 1, -3.70911, -28.7694, -284.59)
size = Vector3(47.4182, 96.2979, 31.1199)

[node name="CSGBox3D39" type="CSGBox3D" parent="Buildings"]
transform = Transform3D(-4.37114e-08, 0, -1, 0, 1, 0, 1, 0, -4.37114e-08, 109.526, -11.4762, 255.372)
size = Vector3(50.3491, 129.74, 58.0163)

[node name="CSGBox3D40" type="CSGBox3D" parent="Buildings"]
transform = Transform3D(-4.37114e-08, 0, -1, 0, 1, 0, 1, 0, -4.37114e-08, 109.845, -21.8386, 294.889)
size = Vector3(31.5282, 109.015, 58.0163)

[node name="CSGBox3D41" type="CSGBox3D" parent="Buildings"]
transform = Transform3D(1, 0, 0, 0, 1, 0, 0, 0, 1, 109.036, -9.01377, -219.411)
size = Vector3(43.8429, 134.664, 46.5812)

[node name="CSGBox3D42" type="CSGBox3D" parent="Buildings"]
transform = Transform3D(1, 0, 0, 0, 1, 0, 0, 0, 1, 104.637, -17.7332, -276.415)
size = Vector3(43.8429, 117.226, 67.0577)

[node name="CSGBox3D43" type="CSGBox3D" parent="Buildings"]
transform = Transform3D(1, 0, 0, 0, 1, 0, 0, 0, 1, 266.408, -28.4132, -217.45)
size = Vector3(41.7246, 95.8658, 41.3244)

[node name="CSGBox3D44" type="CSGBox3D" parent="Buildings"]
transform = Transform3D(1, 0, 0, 0, 1, 0, 0, 0, 1, 263.06, -0.0598526, -163.173)
size = Vector3(43.8429, 152.572, 68.63)

[node name="CSGBox3D45" type="CSGBox3D" parent="Buildings"]
transform = Transform3D(1, 0, 0, 0, 1, 0, 0, 0, 1, 256.927, -20.2526, -260.266)
size = Vector3(60.686, 112.187, 49.3062)

[node name="CSGBox3D46" type="CSGBox3D" parent="Buildings"]
transform = Transform3D(1, 0, 0, 0, 1, 0, 0, 0, 1, 267.855, -17.2651, 254.85)
size = Vector3(41.7246, 118.162, 98.6945)

[node name="CSGBox3D47" type="CSGBox3D" parent="Buildings"]
transform = Transform3D(1, 0, 0, 0, 1, 0, 0, 0, 1, 357.683, 22.8727, 0)
size = Vector3(41.725, 198.438, 50)

[node name="CSGBox3D48" type="CSGBox3D" parent="Buildings"]
transform = Transform3D(1, 0, 0, 0, 1, 0, 0, 0, 1, 354.664, -10.2422, 101.782)
size = Vector3(44.3199, 132.207, 67.2912)

[node name="CSGBox3D49" type="CSGBox3D" parent="Buildings"]
transform = Transform3D(1, 0, 0, 0, 1, 0, 0, 0, 1, 354.664, -16.9886, 160.184)
size = Vector3(44.3199, 118.715, 49.2783)

[node name="CSGBox3D50" type="CSGBox3D" parent="Buildings"]
transform = Transform3D(1, 0, 0, 0, 1, 0, 0, 0, 1, 354.664, -5.16715, 202.163)
size = Vector3(44.3199, 142.357, 36.9398)

[node name="CSGBox3D51" type="CSGBox3D" parent="Buildings"]
transform = Transform3D(1, 0, 0, 0, 1, 0, 0, 0, 1, 354.664, -24.863, 247.268)
size = Vector3(44.3199, 102.966, 56.6302)

[node name="CSGBox3D52" type="CSGBox3D" parent="Buildings"]
transform = Transform3D(1, 0, 0, 0, 1, 0, 0, 0, 1, 354.664, 7.00007, 288.641)
size = Vector3(44.3199, 166.692, 26.2257)

[node name="CSGBox3D53" type="CSGBox3D" parent="Buildings"]
transform = Transform3D(1, 0, 0, 0, 1, 0, 0, 0, 1, 361.88, -13.8719, -90.2455)
size = Vector3(39.5269, 124.948, 37.6913)

[node name="CSGBox3D54" type="CSGBox3D" parent="Buildings"]
transform = Transform3D(1, 0, 0, 0, 1, 0, 0, 0, 1, 361.88, -22.722, -138.677)
size = Vector3(39.5269, 107.248, 63.5966)

[node name="CSGBox3D55" type="CSGBox3D" parent="Buildings"]
transform = Transform3D(1, 0, 0, 0, 1, 0, 0, 0, 1, 361.88, -11.1184, -191.521)
size = Vector3(39.5269, 130.455, 43.686)

[node name="CSGBox3D56" type="CSGBox3D" parent="Buildings"]
transform = Transform3D(1, 0, 0, 0, 1, 0, 0, 0, 1, 361.88, -4.18121, -243.564)
size = Vector3(39.5269, 144.329, 60.1227)

[node name="CharacterBody3D" type="CharacterBody3D" parent="."]
transform = Transform3D(1, 0, 0, 0, 1, 0, 0, 0, 1, -4.59858, 8.561, 0)
script = ExtResource("1_rbmbq")

[node name="CSGCylinder3D" type="CSGCylinder3D" parent="CharacterBody3D"]
radius = 1.0
height = 3.0

[node name="CollisionShape3D" type="CollisionShape3D" parent="CharacterBody3D"]
shape = SubResource("CapsuleShape3D_5ala7")

[node name="Pivot" type="Node3D" parent="CharacterBody3D"]

[node name="SpringArm3D" type="SpringArm3D" parent="CharacterBody3D/Pivot"]
transform = Transform3D(1, 0, 0, 0, 1, 0, 0, 0, 1, -4.64837, 2.58143, 0)
margin = 0.05

[node name="Camera3D" type="Camera3D" parent="CharacterBody3D/Pivot/SpringArm3D"]
fov = 100.0

[node name="DirectionalLight3D" type="DirectionalLight3D" parent="."]
transform = Transform3D(1, 0, 0, 0, 0.46793, 0.883766, 0, -0.883766, 0.46793, 0, 551.351, 0)
light_energy = 1.157
light_indirect_energy = 2.293
light_volumetric_fog_energy = 6.98
light_angular_distance = 16.37
shadow_enabled = true
